1539366271	moduleError	moduleError	lonely...	null	null
1539366271	moduleError	moduleError	lonely...	null	null
1539369413	25	45	lonely...	null	null
1539369424	24	48	lonely...	null	null
1539369434	24	48	lonely...	null	null
1539369445	24	48	lonely...	null	null
1539369455	24	48	lonely...	null	null
1539371332	24	49	lonely...	null	null
1539371342	23	52	lonely...	null	null
1539371353	23	52	lonely...	null	null
1539371363	23	52	lonely...	null	null
1539377416	23	43	lonely...	null	null
1539377506	23	43	lonely	null	null
1539377637	23	43	lonely	null	null
1539377650	23	43	lonely	null	null
1539377661	23	42	lonely	null	null
1539377672	23	42	lonely	null	null
1539377682	23	42	lonely	null	null
1539377763	23	43	lonely	72.9	111.0
1539377779	23	43	lonely	72.4	118.2
1539377796	23	42	lonely	73.6	132.0
1539377812	23	43	lonely	72.4	128.1
1539377833	23	43	lonely	73.3	134.9
1539377849	23	43	lonely	72.0	126.0
1539377868	23	43	lonely	76.9	127.6
1539377892	23	43	lonely	72.7	123.8
1539377909	23	43	lonely	71.9	125.1
1539377937	23	42	lonely	71.9	123.9
1539377952	23	42	lonely	77.1	125.0
1539377970	23	43	lonely	75.8	117.9
1539377997	23	43	lonely	67.7	131.5
1539378016	23	43	lonely	66.8	100.7
1539378031	23	43	lonely	70.5	121.8
1539378057	23	43	lonely	70.6	111.0
1539378074	23	44	lonely	69.5	109.5
1539378100	23	44	lonely	66.6	114.0
1539378116	23	44	lonely	64.4	102.8
1539378132	23	44	lonely	65.4	114.2
1539378152	23	44	lonely	78.4	125.9
1539378171	23	44	lonely	63.4	114.8
1539378204	23	44	lonely	73.5	117.5
1539378221	23	44	lonely	67.3	118.7
1539378240	23	44	lonely	70.8	118.1
1539378259	23	44	lonely	68.1	119.3
1539378274	23	45	lonely	72.1	115.1
1539378292	23	45	lonely	64.3	112.8
1539378309	23	45	lonely	69.2	122.2
1539378325	23	45	lonely	64.3	110.5
1539378343	23	45	lonely	64.7	98.8
1539378359	23	45	lonely	66.8	119.1
1539378375	23	45	lonely	68.7	119.6
1539378398	23	45	lonely	66.8	119.6
